_version.3D29.2.1.0.26coreVersion.3Dqemu2.25202.12.0 = 1580071740
_version.3D30.0.0.0.26coreVersion.3Dqemu2.25202.12.0 = 1610185279
